Season,Team,Goals,G+A,Penalties,Games,Avg Goals per Game,Avg G+A per Game,Avg Penalties per Game
1992-1993,Oldham Athletic,51,81,1.0,42,1.2142857142857142,1.9285714285714286,0.023809523809523808
1992-1993,QPR,54,82,1.0,42,1.2857142857142858,1.9523809523809523,0.023809523809523808
1992-1993,Tottenham,55,94,nan,42,1.3095238095238095,2.238095238095238,nan
1992-1993,Chelsea,43,79,1.0,42,1.0238095238095237,1.880952380952381,0.023809523809523808
1992-1993,Wimbledon,53,80,2.0,42,1.2619047619047619,1.9047619047619047,0.047619047619047616
1992-1993,Crystal Palace,31,53,0.0,42,0.7380952380952381,1.2619047619047619,0.0
1992-1993,Coventry City,47,75,nan,42,1.119047619047619,1.7857142857142858,nan
1992-1993,Blackburn,58,100,3.0,42,1.380952380952381,2.380952380952381,0.07142857142857142
1992-1993,Aston Villa,50,85,2.0,42,1.1904761904761905,2.0238095238095237,0.047619047619047616
1992-1993,Southampton,40,64,2.0,42,0.9523809523809523,1.5238095238095237,0.047619047619047616
1992-1993,Nott'ham Forest,39,64,nan,42,0.9285714285714286,1.5238095238095237,nan
1992-1993,Everton,45,70,4.0,42,1.0714285714285714,1.6666666666666667,0.09523809523809523
1992-1993,Liverpool,57,97,nan,42,1.3571428571428572,2.3095238095238093,nan
1992-1993,Sheffield Weds,49,79,3.0,42,1.1666666666666667,1.880952380952381,0.07142857142857142
1992-1993,Leeds United,49,83,nan,42,1.1666666666666667,1.9761904761904763,nan
1992-1993,Norwich City,52,85,2.0,42,1.2380952380952381,2.0238095238095237,0.047619047619047616
1992-1993,Manchester Utd,54,93,nan,42,1.2857142857142858,2.2142857142857144,nan
1992-1993,Ipswich Town,44,72,4.0,42,1.0476190476190477,1.7142857142857142,0.09523809523809523
1992-1993,Sheffield Utd,47,76,1.0,42,1.119047619047619,1.8095238095238095,0.023809523809523808
1992-1993,Arsenal,36,62,0.0,42,0.8571428571428571,1.4761904761904763,0.0
1992-1993,Middlesbrough,42,72,0.0,42,1.0,1.7142857142857142,0.0
1992-1993,Manchester City,47,78,0.0,42,1.119047619047619,1.8571428571428572,0.0
1993-1994,Norwich City,54,93,nan,42,1.2857142857142858,2.2142857142857144,nan
1993-1994,Oldham Athletic,32,51,1.0,42,0.7619047619047619,1.2142857142857142,0.023809523809523808
1993-1994,Swindon Town,32,51,2.0,42,0.7619047619047619,1.2142857142857142,0.047619047619047616
1993-1994,QPR,52,86,2.0,42,1.2380952380952381,2.0476190476190474,0.047619047619047616
1993-1994,West Ham,40,69,2.0,42,0.9523809523809523,1.6428571428571428,0.047619047619047616
1993-1994,Newcastle Utd,80,136,nan,42,1.9047619047619047,3.238095238095238,nan
1993-1994,Southampton,43,68,7.0,42,1.0238095238095237,1.619047619047619,0.16666666666666666
1993-1994,Tottenham,52,83,2.0,42,1.2380952380952381,1.9761904761904763,0.047619047619047616
1993-1994,Everton,40,58,nan,42,0.9523809523809523,1.380952380952381,nan
1993-1994,Wimbledon,50,74,1.0,42,1.1904761904761905,1.7619047619047619,0.023809523809523808
1993-1994,Coventry City,38,63,3.0,42,0.9047619047619048,1.5,0.07142857142857142
1993-1994,Blackburn,57,98,3.0,42,1.3571428571428572,2.3333333333333335,0.07142857142857142
1993-1994,Aston Villa,42,71,3.0,42,1.0,1.6904761904761905,0.07142857142857142
1993-1994,Chelsea,46,80,3.0,42,1.0952380952380953,1.9047619047619047,0.07142857142857142
1993-1994,Liverpool,47,66,nan,42,1.119047619047619,1.5714285714285714,nan
1993-1994,Sheffield Weds,67,113,2.0,42,1.5952380952380953,2.6904761904761907,0.047619047619047616
1993-1994,Leeds United,57,95,nan,42,1.3571428571428572,2.261904761904762,nan
1993-1994,Manchester City,33,54,nan,42,0.7857142857142857,1.2857142857142858,nan
1993-1994,Sheffield Utd,37,59,0.0,42,0.8809523809523809,1.4047619047619047,0.0
1993-1994,Manchester Utd,74,128,3.0,42,1.7619047619047619,3.0476190476190474,0.07142857142857142
1993-1994,Arsenal,49,77,4.0,42,1.1666666666666667,1.8333333333333333,0.09523809523809523
1993-1994,Ipswich Town,28,43,2.0,42,0.6666666666666666,1.0238095238095237,0.047619047619047616
1994-1995,Norwich City,25,41,1.0,42,0.5952380952380952,0.9761904761904762,0.023809523809523808
1994-1995,Leicester City,38,61,0.0,42,0.9047619047619048,1.4523809523809523,0.0
1994-1995,QPR,54,97,nan,42,1.2857142857142858,2.3095238095238093,nan
1994-1995,Newcastle Utd,56,90,nan,42,1.3333333333333333,2.142857142857143,nan
1994-1995,West Ham,38,65,0.0,42,0.9047619047619048,1.5476190476190477,0.0
1994-1995,Southampton,51,85,nan,42,1.2142857142857142,2.0238095238095237,nan
1994-1995,Everton,33,49,0.0,42,0.7857142857142857,1.1666666666666667,0.0
1994-1995,Tottenham,60,103,2.0,42,1.4285714285714286,2.4523809523809526,0.047619047619047616
1994-1995,Wimbledon,39,60,2.0,42,0.9285714285714286,1.4285714285714286,0.047619047619047616
1994-1995,Crystal Palace,29,48,nan,42,0.6904761904761905,1.1428571428571428,nan
1994-1995,Sheffield Weds,42,68,nan,42,1.0,1.619047619047619,nan
1994-1995,Blackburn,69,109,10.0,42,1.6428571428571428,2.5952380952380953,0.23809523809523808
1994-1995,Aston Villa,44,75,nan,42,1.0476190476190477,1.7857142857142858,nan
1994-1995,Liverpool,56,89,nan,42,1.3333333333333333,2.119047619047619,nan
1994-1995,Manchester City,50,81,1.0,42,1.1904761904761905,1.9285714285714286,0.023809523809523808
1994-1995,Manchester Utd,69,112,nan,42,1.6428571428571428,2.6666666666666665,nan
1994-1995,Nott'ham Forest,61,106,1.0,42,1.4523809523809523,2.5238095238095237,0.023809523809523808
1994-1995,Coventry City,39,63,5.0,42,0.9285714285714286,1.5,0.11904761904761904
1994-1995,Chelsea,45,77,1.0,42,1.0714285714285714,1.8333333333333333,0.023809523809523808
1994-1995,Arsenal,45,70,3.0,42,1.0714285714285714,1.6666666666666667,0.07142857142857142
1994-1995,Ipswich Town,29,45,3.0,42,0.6904761904761905,1.0714285714285714,0.07142857142857142
1994-1995,Leeds United,53,87,3.0,42,1.2619047619047619,2.0714285714285716,0.07142857142857142
1995-1996,Middlesbrough,27,48,3.0,38,0.7105263157894737,1.263157894736842,0.07894736842105263
1995-1996,QPR,34,56,nan,38,0.8947368421052632,1.4736842105263157,nan
1995-1996,Nott'ham Forest,40,72,nan,38,1.0526315789473684,1.894736842105263,nan
1995-1996,West Ham,30,48,nan,38,0.7894736842105263,1.263157894736842,nan
1995-1996,Everton,55,89,0.0,38,1.4473684210526316,2.3421052631578947,0.0
1995-1996,Tottenham,47,74,nan,38,1.236842105263158,1.9473684210526316,nan
1995-1996,Wimbledon,53,80,2.0,38,1.394736842105263,2.1052631578947367,0.05263157894736842
1995-1996,Newcastle Utd,61,107,nan,38,1.605263157894737,2.8157894736842106,nan
1995-1996,Sheffield Weds,46,80,nan,38,1.2105263157894737,2.1052631578947367,nan
1995-1996,Blackburn,56,95,nan,38,1.4736842105263157,2.5,nan
1995-1996,Liverpool,60,110,nan,38,1.5789473684210527,2.8947368421052633,nan
1995-1996,Coventry City,36,63,nan,38,0.9473684210526315,1.6578947368421053,nan
1995-1996,Manchester City,31,55,nan,38,0.8157894736842105,1.4473684210526316,nan
1995-1996,Manchester Utd,68,110,4.0,38,1.7894736842105263,2.8947368421052633,0.10526315789473684
1995-1996,Southampton,27,40,4.0,38,0.7105263157894737,1.0526315789473684,0.10526315789473684
1995-1996,Arsenal,43,72,3.0,38,1.131578947368421,1.894736842105263,0.07894736842105263
1995-1996,Bolton,24,49,nan,38,0.631578947368421,1.2894736842105263,nan
1995-1996,Leeds United,33,55,nan,38,0.868421052631579,1.4473684210526316,nan
1995-1996,Chelsea,40,64,3.0,38,1.0526315789473684,1.6842105263157894,0.07894736842105263
1995-1996,Aston Villa,42,74,nan,38,1.105263157894737,1.9473684210526316,nan
1996-1997,Middlesbrough,49,81,5.0,38,1.2894736842105263,2.1315789473684212,0.13157894736842105
1996-1997,Sunderland,29,49,3.0,38,0.7631578947368421,1.2894736842105263,0.07894736842105263
1996-1997,Nott'ham Forest,23,40,0.0,38,0.6052631578947368,1.0526315789473684,0.0
1996-1997,Tottenham,42,66,1.0,38,1.105263157894737,1.736842105263158,0.02631578947368421
1996-1997,Arsenal,56,91,8.0,38,1.4736842105263157,2.3947368421052633,0.21052631578947367
1996-1997,Wimbledon,47,73,0.0,38,1.236842105263158,1.9210526315789473,0.0
1996-1997,Derby County,35,48,3.0,38,0.9210526315789473,1.263157894736842,0.07894736842105263
1996-1997,Newcastle Utd,61,100,5.0,38,1.605263157894737,2.6315789473684212,0.13157894736842105
1996-1997,Sheffield Weds,46,77,2.0,38,1.2105263157894737,2.026315789473684,0.05263157894736842
1996-1997,Everton,35,57,2.0,38,0.9210526315789473,1.5,0.05263157894736842
1996-1997,Liverpool,56,89,nan,38,1.4736842105263157,2.3421052631578947,nan
1996-1997,Southampton,44,62,6.0,38,1.1578947368421053,1.631578947368421,0.15789473684210525
1996-1997,Blackburn,38,64,2.0,38,1.0,1.6842105263157894,0.05263157894736842
1996-1997,Manchester Utd,63,107,4.0,38,1.6578947368421053,2.8157894736842106,0.10526315789473684
1996-1997,West Ham,24,45,0.0,38,0.631578947368421,1.1842105263157894,0.0
1996-1997,Leeds United,22,39,0.0,38,0.5789473684210527,1.0263157894736843,0.0
1996-1997,Coventry City,32,52,3.0,38,0.8421052631578947,1.368421052631579,0.07894736842105263
1996-1997,Chelsea,40,67,1.0,38,1.0526315789473684,1.763157894736842,0.02631578947368421
1996-1997,Leicester City,38,63,3.0,38,1.0,1.6578947368421053,0.07894736842105263
1996-1997,Aston Villa,40,63,4.0,38,1.0526315789473684,1.6578947368421053,0.10526315789473684
1997-1998,West Ham,50,83,1.0,38,1.3157894736842106,2.1842105263157894,0.02631578947368421
1997-1998,Barnsley,36,56,3.0,38,0.9473684210526315,1.4736842105263157,0.07894736842105263
1997-1998,Sheffield Weds,47,72,3.0,38,1.236842105263158,1.894736842105263,0.07894736842105263
1997-1998,Tottenham,37,76,0.0,38,0.9736842105263158,2.0,0.0
1997-1998,Blackburn,54,87,2.0,38,1.4210526315789473,2.289473684210526,0.05263157894736842
1997-1998,Newcastle Utd,29,46,nan,38,0.7631578947368421,1.2105263157894737,nan
1997-1998,Chelsea,54,83,3.0,38,1.4210526315789473,2.1842105263157894,0.07894736842105263
1997-1998,Arsenal,61,105,5.0,38,1.605263157894737,2.763157894736842,0.13157894736842105
1997-1998,Wimbledon,32,49,1.0,38,0.8421052631578947,1.2894736842105263,0.02631578947368421
1997-1998,Derby County,46,69,6.0,38,1.2105263157894737,1.8157894736842106,0.15789473684210525
1997-1998,Everton,36,57,nan,38,0.9473684210526315,1.5,nan
1997-1998,Aston Villa,46,71,3.0,38,1.2105263157894737,1.868421052631579,0.07894736842105263
1997-1998,Southampton,45,69,5.0,38,1.1842105263157894,1.8157894736842106,0.13157894736842105
1997-1998,Bolton,37,63,3.0,38,0.9736842105263158,1.6578947368421053,0.07894736842105263
1997-1998,Manchester Utd,63,114,1.0,38,1.6578947368421053,3.0,0.02631578947368421
1997-1998,Crystal Palace,35,61,1.0,38,0.9210526315789473,1.605263157894737,0.02631578947368421
1997-1998,Liverpool,68,107,nan,38,1.7894736842105263,2.8157894736842106,nan
1997-1998,Coventry City,44,67,5.0,38,1.1578947368421053,1.763157894736842,0.13157894736842105
1997-1998,Leeds United,46,69,1.0,38,1.2105263157894737,1.8157894736842106,0.02631578947368421
1997-1998,Leicester City,40,67,3.0,38,1.0526315789473684,1.763157894736842,0.07894736842105263
1998-1999,West Ham,41,73,nan,38,1.0789473684210527,1.9210526315789473,nan
1998-1999,Sheffield Weds,38,59,1.0,38,1.0,1.5526315789473684,0.02631578947368421
1998-1999,Wimbledon,41,63,nan,38,1.0789473684210527,1.6578947368421053,nan
1998-1999,Tottenham,42,72,2.0,38,1.105263157894737,1.894736842105263,0.05263157894736842
1998-1999,Nott'ham Forest,27,48,nan,38,0.7105263157894737,1.263157894736842,nan
1998-1999,Coventry City,39,68,nan,38,1.0263157894736843,1.7894736842105263,nan
1998-1999,Newcastle Utd,43,63,nan,38,1.131578947368421,1.6578947368421053,nan
1998-1999,Chelsea,48,77,0.0,38,1.263157894736842,2.026315789473684,0.0
1998-1999,Arsenal,57,96,2.0,38,1.5,2.526315789473684,0.05263157894736842
1998-1999,Middlesbrough,40,65,nan,38,1.0526315789473684,1.7105263157894737,nan
1998-1999,Derby County,31,54,nan,38,0.8157894736842105,1.4210526315789473,nan
1998-1999,Everton,39,58,nan,38,1.0263157894736843,1.5263157894736843,nan
1998-1999,Charlton Ath,33,44,4.0,38,0.868421052631579,1.1578947368421053,0.10526315789473684
1998-1999,Aston Villa,46,78,nan,38,1.2105263157894737,2.0526315789473686,nan
1998-1999,Southampton,35,57,1.0,38,0.9210526315789473,1.5,0.02631578947368421
1998-1999,Leeds United,51,88,1.0,38,1.3421052631578947,2.3157894736842106,0.02631578947368421
1998-1999,Manchester Utd,71,118,0.0,38,1.868421052631579,3.1052631578947367,0.0
1998-1999,Liverpool,68,108,7.0,38,1.7894736842105263,2.8421052631578947,0.18421052631578946
1998-1999,Blackburn,35,55,nan,38,0.9210526315789473,1.4473684210526316,nan
1998-1999,Leicester City,31,55,1.0,38,0.8157894736842105,1.4473684210526316,0.02631578947368421
1999-2000,Wimbledon,42,65,1.0,38,1.105263157894737,1.7105263157894737,0.02631578947368421
1999-2000,Sheffield Weds,35,59,4.0,38,0.9210526315789473,1.5526315789473684,0.10526315789473684
1999-2000,Coventry City,45,74,5.0,38,1.1842105263157894,1.9473684210526316,0.13157894736842105
1999-2000,Chelsea,38,66,0.0,38,1.0,1.736842105263158,0.0
1999-2000,Tottenham,49,80,1.0,38,1.2894736842105263,2.1052631578947367,0.02631578947368421
1999-2000,Middlesbrough,40,61,6.0,38,1.0526315789473684,1.605263157894737,0.15789473684210525
1999-2000,Derby County,39,62,2.0,38,1.0263157894736843,1.631578947368421,0.05263157894736842
1999-2000,Watford,31,52,2.0,38,0.8157894736842105,1.368421052631579,0.05263157894736842
1999-2000,Leeds United,48,77,0.0,38,1.263157894736842,2.026315789473684,0.0
1999-2000,Sunderland,55,91,6.0,38,1.4473684210526316,2.3947368421052633,0.15789473684210525
1999-2000,Everton,47,84,0.0,38,1.236842105263158,2.210526315789474,0.0
1999-2000,Arsenal,64,110,3.0,38,1.6842105263157894,2.8947368421052633,0.07894736842105263
1999-2000,Aston Villa,40,71,1.0,38,1.0526315789473684,1.868421052631579,0.02631578947368421
1999-2000,Bradford City,34,52,5.0,38,0.8947368421052632,1.368421052631579,0.13157894736842105
1999-2000,Southampton,40,69,1.0,38,1.0526315789473684,1.8157894736842106,0.02631578947368421
1999-2000,Manchester Utd,90,149,1.0,38,2.3684210526315788,3.9210526315789473,0.02631578947368421
1999-2000,Liverpool,48,79,nan,38,1.263157894736842,2.0789473684210527,nan
1999-2000,West Ham,49,89,2.0,38,1.2894736842105263,2.3421052631578947,0.05263157894736842
1999-2000,Leicester City,40,70,nan,38,1.0526315789473684,1.8421052631578947,nan
1999-2000,Newcastle Utd,48,85,6.0,38,1.263157894736842,2.236842105263158,0.15789473684210525
2000-2001,Ipswich Town,46,75,3.0,38,1.2105263157894737,1.9736842105263157,0.07894736842105263
2000-2001,Newcastle Utd,40,67,5.0,38,1.0526315789473684,1.763157894736842,0.13157894736842105
2000-2001,Leicester City,31,49,3.0,38,0.8157894736842105,1.2894736842105263,0.07894736842105263
2000-2001,Chelsea,66,111,4.0,38,1.736842105263158,2.9210526315789473,0.10526315789473684
2000-2001,Everton,36,54,0.0,38,0.9473684210526315,1.4210526315789473,0.0
2000-2001,Manchester City,29,50,2.0,38,0.7631578947368421,1.3157894736842106,0.05263157894736842
2000-2001,Coventry City,31,48,3.0,38,0.8157894736842105,1.263157894736842,0.07894736842105263
2000-2001,Tottenham,42,70,3.0,38,1.105263157894737,1.8421052631578947,0.07894736842105263
2000-2001,Sunderland,43,75,2.0,38,1.131578947368421,1.9736842105263157,0.05263157894736842
2000-2001,Bradford City,24,44,3.0,38,0.631578947368421,1.1578947368421053,0.07894736842105263
2000-2001,Charlton Ath,44,73,3.0,38,1.1578947368421053,1.9210526315789473,0.07894736842105263
2000-2001,Leeds United,53,84,1.0,38,1.394736842105263,2.210526315789474,0.02631578947368421
2000-2001,Liverpool,64,106,3.0,38,1.6842105263157894,2.789473684210526,0.07894736842105263
2000-2001,Aston Villa,43,71,1.0,38,1.131578947368421,1.868421052631579,0.02631578947368421
2000-2001,West Ham,41,64,4.0,38,1.0789473684210527,1.6842105263157894,0.10526315789473684
2000-2001,Southampton,35,59,0.0,38,0.9210526315789473,1.5526315789473684,0.0
2000-2001,Manchester Utd,73,125,nan,38,1.9210526315789473,3.289473684210526,nan
2000-2001,Arsenal,51,88,1.0,38,1.3421052631578947,2.3157894736842106,0.02631578947368421
2000-2001,Derby County,32,53,2.0,38,0.8421052631578947,1.394736842105263,0.05263157894736842
2000-2001,Middlesbrough,34,54,3.0,38,0.8947368421052632,1.4210526315789473,0.07894736842105263
2001-2002,Newcastle Utd,63,103,5.0,38,1.6578947368421053,2.710526315789474,0.13157894736842105
2001-2002,Leicester City,29,42,2.0,38,0.7631578947368421,1.105263157894737,0.05263157894736842
2001-2002,Everton,34,63,2.0,38,0.8947368421052632,1.6578947368421053,0.05263157894736842
2001-2002,Arsenal,75,124,5.0,38,1.9736842105263157,3.263157894736842,0.13157894736842105
2001-2002,Ipswich Town,35,55,1.0,38,0.9210526315789473,1.4473684210526316,0.02631578947368421
2001-2002,Tottenham,46,75,3.0,38,1.2105263157894737,1.9736842105263157,0.07894736842105263
2001-2002,Liverpool,62,110,nan,38,1.631578947368421,2.8947368421052633,nan
2001-2002,Sunderland,28,49,1.0,38,0.7368421052631579,1.2894736842105263,0.02631578947368421
2001-2002,Chelsea,60,93,3.0,38,1.5789473684210527,2.4473684210526314,0.07894736842105263
2001-2002,Leeds United,45,75,0.0,38,1.1842105263157894,1.9736842105263157,0.0
2001-2002,Aston Villa,44,80,2.0,38,1.1578947368421053,2.1052631578947367,0.05263157894736842
2001-2002,Charlton Ath,32,51,0.0,38,0.8421052631578947,1.3421052631578947,0.0
2001-2002,Southampton,44,66,4.0,38,1.1578947368421053,1.736842105263158,0.10526315789473684
2001-2002,Manchester Utd,84,134,nan,38,2.210526315789474,3.526315789473684,nan
2001-2002,Blackburn,50,84,1.0,38,1.3157894736842106,2.210526315789474,0.02631578947368421
2001-2002,Fulham,35,54,1.0,38,0.9210526315789473,1.4210526315789473,0.02631578947368421
2001-2002,Bolton,41,62,0.0,38,1.0789473684210527,1.631578947368421,0.0
2001-2002,Middlesbrough,26,41,2.0,38,0.6842105263157895,1.0789473684210527,0.05263157894736842
2001-2002,Derby County,31,46,1.0,38,0.8157894736842105,1.2105263157894737,0.02631578947368421
2001-2002,West Ham,45,69,4.0,38,1.1842105263157894,1.8157894736842106,0.10526315789473684
2002-2003,Tottenham,45,76,nan,38,1.1842105263157894,2.0,nan
2002-2003,Newcastle Utd,56,94,3.0,38,1.4736842105263157,2.473684210526316,0.07894736842105263
2002-2003,Bolton,37,55,nan,38,0.9736842105263158,1.4473684210526316,nan
2002-2003,Everton,42,73,0.0,38,1.105263157894737,1.9210526315789473,0.0
2002-2003,Arsenal,78,129,5.0,38,2.0526315789473686,3.3947368421052633,0.13157894736842105
2002-2003,Aston Villa,41,70,3.0,38,1.0789473684210527,1.8421052631578947,0.07894736842105263
2002-2003,Sunderland,20,34,1.0,38,0.5263157894736842,0.8947368421052632,0.02631578947368421
2002-2003,Manchester City,39,69,2.0,38,1.0263157894736843,1.8157894736842106,0.05263157894736842
2002-2003,Liverpool,58,98,4.0,38,1.5263157894736843,2.5789473684210527,0.10526315789473684
2002-2003,Chelsea,57,95,3.0,38,1.5,2.5,0.07894736842105263
2002-2003,Southampton,39,58,6.0,38,1.0263157894736843,1.5263157894736843,0.15789473684210525
2002-2003,Leeds United,52,79,nan,38,1.368421052631579,2.0789473684210527,nan
2002-2003,West Brom,23,35,1.0,38,0.6052631578947368,0.9210526315789473,0.02631578947368421
2002-2003,Charlton Ath,39,62,4.0,38,1.0263157894736843,1.631578947368421,0.10526315789473684
2002-2003,Manchester Utd,72,112,9.0,38,1.894736842105263,2.9473684210526314,0.23684210526315788
2002-2003,Fulham,36,55,6.0,38,0.9473684210526315,1.4473684210526316,0.15789473684210525
2002-2003,Middlesbrough,40,67,nan,38,1.0526315789473684,1.763157894736842,nan
2002-2003,West Ham,37,56,4.0,38,0.9736842105263158,1.4736842105263157,0.10526315789473684
2002-2003,Birmingham City,38,61,4.0,38,1.0,1.605263157894737,0.10526315789473684
2002-2003,Blackburn,44,73,5.0,38,1.1578947368421053,1.9210526315789473,0.13157894736842105
2003-2004,Portsmouth,42,64,nan,38,1.105263157894737,1.6842105263157894,nan
2003-2004,Arsenal,68,108,7.0,38,1.7894736842105263,2.8421052631578947,0.18421052631578946
2003-2004,Aston Villa,45,76,4.0,38,1.1842105263157894,2.0,0.10526315789473684
2003-2004,Newcastle Utd,49,77,7.0,38,1.2894736842105263,2.026315789473684,0.18421052631578946
2003-2004,Tottenham,45,68,nan,38,1.1842105263157894,1.7894736842105263,nan
2003-2004,Blackburn,37,73,0.0,38,0.9736842105263158,1.9210526315789473,0.0
2003-2004,Wolves,36,57,1.0,38,0.9473684210526315,1.5,0.02631578947368421
2003-2004,Manchester City,48,75,4.0,38,1.263157894736842,1.9736842105263157,0.10526315789473684
2003-2004,Liverpool,49,86,8.0,38,1.2894736842105263,2.263157894736842,0.21052631578947367
2003-2004,Bolton,41,63,1.0,38,1.0789473684210527,1.6578947368421053,0.02631578947368421
2003-2004,Chelsea,56,96,4.0,38,1.4736842105263157,2.526315789473684,0.10526315789473684
2003-2004,Southampton,39,61,2.0,38,1.0263157894736843,1.605263157894737,0.05263157894736842
2003-2004,Leeds United,32,51,3.0,38,0.8421052631578947,1.3421052631578947,0.07894736842105263
2003-2004,Birmingham City,39,61,4.0,38,1.0263157894736843,1.605263157894737,0.10526315789473684
2003-2004,Charlton Ath,46,72,nan,38,1.2105263157894737,1.894736842105263,nan
2003-2004,Manchester Utd,61,102,nan,38,1.605263157894737,2.6842105263157894,nan
2003-2004,Leicester City,43,76,2.0,38,1.131578947368421,2.0,0.05263157894736842
2003-2004,Fulham,52,83,nan,38,1.368421052631579,2.1842105263157894,nan
2003-2004,Middlesbrough,40,64,3.0,38,1.0526315789473684,1.6842105263157894,0.07894736842105263
2003-2004,Everton,37,65,1.0,38,0.9736842105263158,1.7105263157894737,0.02631578947368421
2004-2005,Portsmouth,34.0,54.0,nan,38,0.8947368421052632,1.4210526315789473,nan
2004-2005,Arsenal,83.0,145.0,2.0,38,2.1842105263157894,3.8157894736842106,0.05263157894736842
2004-2005,Liverpool,46.0,77.0,3.0,38,1.2105263157894737,2.026315789473684,0.07894736842105263
2004-2005,Newcastle Utd,38.0,59.0,3.0,38,1.0,1.5526315789473684,0.07894736842105263
2004-2005,Birmingham City,36.0,59.0,nan,38,0.9473684210526315,1.5526315789473684,nan
2004-2005,Crystal Palace,35.0,58.0,10.0,38,0.9210526315789473,1.5263157894736843,0.2631578947368421
2004-2005,Manchester City,44.0,68.0,5.0,38,1.1578947368421053,1.7894736842105263,0.13157894736842105
2004-2005,Everton,41.0,70.0,2.0,38,1.0789473684210527,1.8421052631578947,0.05263157894736842
2004-2005,Norwich City,38.0,62.0,3.0,38,1.0,1.631578947368421,0.07894736842105263
2004-2005,Chelsea,65.0,119.0,5.0,38,1.7105263157894737,3.1315789473684212,0.13157894736842105
2004-2005,Aston Villa,41.0,63.0,3.0,38,1.0789473684210527,1.6578947368421053,0.07894736842105263
2004-2005,Charlton Ath,34.0,56.0,0.0,38,0.8947368421052632,1.4736842105263157,0.0
2004-2005,Southampton,nan,nan,nan,38,nan,nan,nan
2004-2005,Manchester Utd,52.0,83.0,3.0,38,1.368421052631579,2.1842105263157894,0.07894736842105263
2004-2005,Fulham,49.0,85.0,2.0,38,1.2894736842105263,2.236842105263158,0.05263157894736842
2004-2005,Middlesbrough,41.0,69.0,1.0,38,1.0789473684210527,1.8157894736842106,0.02631578947368421
2004-2005,Blackburn,28.0,52.0,nan,38,0.7368421052631579,1.368421052631579,nan
2004-2005,Tottenham,nan,nan,nan,38,nan,nan,nan
2004-2005,West Brom,30.0,54.0,2.0,38,0.7894736842105263,1.4210526315789473,0.05263157894736842
2004-2005,Bolton,43.0,66.0,5.0,38,1.131578947368421,1.736842105263158,0.13157894736842105
2005-2006,Arsenal,62,106,4.0,38,1.631578947368421,2.789473684210526,0.10526315789473684
2005-2006,Aston Villa,34,62,1.0,38,0.8947368421052632,1.631578947368421,0.02631578947368421
2005-2006,Middlesbrough,41,70,5.0,38,1.0789473684210527,1.8421052631578947,0.13157894736842105
2005-2006,West Ham,44,76,3.0,38,1.1578947368421053,2.0,0.07894736842105263
2005-2006,Liverpool,53,88,4.0,38,1.394736842105263,2.3157894736842106,0.10526315789473684
2005-2006,Charlton Ath,38,63,4.0,38,1.0,1.6578947368421053,0.10526315789473684
2005-2006,Newcastle Utd,44,73,5.0,38,1.1578947368421053,1.9210526315789473,0.13157894736842105
2005-2006,Everton,30,55,1.0,38,0.7894736842105263,1.4473684210526316,0.02631578947368421
2005-2006,Sunderland,21,35,2.0,38,0.5526315789473685,0.9210526315789473,0.05263157894736842
2005-2006,Tottenham,52,88,4.0,38,1.368421052631579,2.3157894736842106,0.10526315789473684
2005-2006,Manchester City,37,63,nan,38,0.9736842105263158,1.6578947368421053,nan
2005-2006,Blackburn,45,68,3.0,38,1.1842105263157894,1.7894736842105263,0.07894736842105263
2005-2006,Portsmouth,36,61,2.0,38,0.9473684210526315,1.605263157894737,0.05263157894736842
2005-2006,Birmingham City,23,41,2.0,38,0.6052631578947368,1.0789473684210527,0.05263157894736842
2005-2006,Fulham,46,75,4.0,38,1.2105263157894737,1.9736842105263157,0.10526315789473684
2005-2006,Bolton,44,75,2.0,38,1.1578947368421053,1.9736842105263157,0.05263157894736842
2005-2006,Wigan Athletic,42,65,1.0,38,1.105263157894737,1.7105263157894737,0.02631578947368421
2005-2006,West Brom,26,42,nan,38,0.6842105263157895,1.105263157894737,nan
2005-2006,Chelsea,60,102,4.0,38,1.5789473684210527,2.6842105263157894,0.10526315789473684
2005-2006,Manchester Utd,64,107,2.0,38,1.6842105263157894,2.8157894736842106,0.05263157894736842
2006-2007,Arsenal,53,92,10.0,38,1.394736842105263,2.4210526315789473,0.2631578947368421
2006-2007,Aston Villa,41,64,6.0,38,1.0789473684210527,1.6842105263157894,0.15789473684210525
2006-2007,Wigan Athletic,29,48,1.0,38,0.7631578947368421,1.263157894736842,0.02631578947368421
2006-2007,Middlesbrough,38,65,4.0,38,1.0,1.7105263157894737,0.10526315789473684
2006-2007,Sheffield Utd,30,46,2.0,38,0.7894736842105263,1.2105263157894737,0.05263157894736842
2006-2007,Liverpool,51,81,6.0,38,1.3421052631578947,2.1315789473684212,0.15789473684210525
2006-2007,Charlton Ath,31,47,4.0,38,0.8157894736842105,1.236842105263158,0.10526315789473684
2006-2007,Newcastle Utd,34,59,5.0,38,0.8947368421052632,1.5526315789473684,0.13157894736842105
2006-2007,Bolton,44,71,6.0,38,1.1578947368421053,1.868421052631579,0.15789473684210525
2006-2007,Everton,44,69,8.0,38,1.1578947368421053,1.8157894736842106,0.21052631578947367
2006-2007,Watford,24,40,nan,38,0.631578947368421,1.0526315789473684,nan
2006-2007,Chelsea,54,92,3.0,38,1.4210526315789473,2.4210526315789473,0.07894736842105263
2006-2007,Manchester City,23,44,2.0,38,0.6052631578947368,1.1578947368421053,0.05263157894736842
2006-2007,West Ham,35,53,nan,38,0.9210526315789473,1.394736842105263,nan
2006-2007,Portsmouth,38,65,2.0,38,1.0,1.7105263157894737,0.05263157894736842
2006-2007,Blackburn,46,71,5.0,38,1.2105263157894737,1.868421052631579,0.13157894736842105
2006-2007,Tottenham,51,82,5.0,38,1.3421052631578947,2.1578947368421053,0.13157894736842105
2006-2007,Reading,44,79,3.0,38,1.1578947368421053,2.0789473684210527,0.07894736842105263
2006-2007,Fulham,24,42,3.0,38,0.631578947368421,1.105263157894737,0.07894736842105263
2006-2007,Manchester Utd,74,113,5.0,38,1.9473684210526316,2.973684210526316,0.13157894736842105
2007-2008,Derby County,14,25,0.0,38,0.3684210526315789,0.6578947368421053,0.0
2007-2008,Arsenal,64,113,5.0,38,1.6842105263157894,2.973684210526316,0.13157894736842105
2007-2008,Aston Villa,57,92,6.0,38,1.5,2.4210526315789473,0.15789473684210525
2007-2008,Wigan Athletic,31,48,4.0,38,0.8157894736842105,1.263157894736842,0.10526315789473684
2007-2008,Middlesbrough,37,67,2.0,38,0.9736842105263158,1.763157894736842,0.05263157894736842
2007-2008,Everton,43,75,1.0,38,1.131578947368421,1.9736842105263157,0.02631578947368421
2007-2008,Bolton,34,51,nan,38,0.8947368421052632,1.3421052631578947,nan
2007-2008,Liverpool,63,102,5.0,38,1.6578947368421053,2.6842105263157894,0.13157894736842105
2007-2008,Newcastle Utd,41,65,4.0,38,1.0789473684210527,1.7105263157894737,0.10526315789473684
2007-2008,Manchester Utd,74,120,6.0,38,1.9473684210526316,3.1578947368421053,0.15789473684210525
2007-2008,Fulham,36,55,2.0,38,0.9473684210526315,1.4473684210526316,0.05263157894736842
2007-2008,Chelsea,59,102,nan,38,1.5526315789473684,2.6842105263157894,nan
2007-2008,West Ham,35,58,2.0,38,0.9210526315789473,1.5263157894736843,0.05263157894736842
2007-2008,Tottenham,57,91,4.0,38,1.5,2.3947368421052633,0.10526315789473684
2007-2008,Portsmouth,41,65,4.0,38,1.0789473684210527,1.7105263157894737,0.10526315789473684
2007-2008,Manchester City,41,70,2.0,38,1.0789473684210527,1.8421052631578947,0.05263157894736842
2007-2008,Blackburn,47,72,5.0,38,1.236842105263158,1.894736842105263,0.13157894736842105
2007-2008,Reading,39,66,2.0,38,1.0263157894736843,1.736842105263158,0.05263157894736842
2007-2008,Sunderland,32,56,1.0,38,0.8421052631578947,1.4736842105263157,0.02631578947368421
2007-2008,Birmingham City,42,62,6.0,38,1.105263157894737,1.631578947368421,0.15789473684210525
2008-2009,Arsenal,59,105,5,38,1.5526315789473684,2.763157894736842,0.13157894736842105
2008-2009,Aston Villa,44,76,4,38,1.1578947368421053,2.0,0.10526315789473684
2008-2009,Everton,49,78,4,38,1.2894736842105263,2.0526315789473686,0.10526315789473684
2008-2009,Middlesbrough,23,37,1,38,0.6052631578947368,0.9736842105263158,0.02631578947368421
2008-2009,Liverpool,70,117,5,38,1.8421052631578947,3.0789473684210527,0.13157894736842105
2008-2009,Newcastle Utd,34,56,4,38,0.8947368421052632,1.4736842105263157,0.10526315789473684
2008-2009,Manchester Utd,63,111,4,38,1.6578947368421053,2.9210526315789473,0.10526315789473684
2008-2009,Fulham,38,62,5,38,1.0,1.631578947368421,0.13157894736842105
2008-2009,Blackburn,32,51,4,38,0.8421052631578947,1.3421052631578947,0.10526315789473684
2008-2009,Chelsea,58,97,2,38,1.5263157894736843,2.5526315789473686,0.05263157894736842
2008-2009,Hull City,29,46,3,38,0.7631578947368421,1.2105263157894737,0.07894736842105263
2008-2009,West Ham,39,60,1,38,1.0263157894736843,1.5789473684210527,0.02631578947368421
2008-2009,Tottenham,41,64,3,38,1.0789473684210527,1.6842105263157894,0.07894736842105263
2008-2009,Bolton,33,52,0,38,0.868421052631579,1.368421052631579,0.0
2008-2009,Portsmouth,30,52,2,38,0.7894736842105263,1.368421052631579,0.05263157894736842
2008-2009,West Brom,32,48,3,38,0.8421052631578947,1.263157894736842,0.07894736842105263
2008-2009,Stoke City,32,53,4,38,0.8421052631578947,1.394736842105263,0.10526315789473684
2008-2009,Manchester City,50,81,6,38,1.3157894736842106,2.1315789473684212,0.15789473684210525
2008-2009,Wigan Athletic,30,46,5,38,0.7894736842105263,1.2105263157894737,0.13157894736842105
2008-2009,Sunderland,31,50,1,38,0.8157894736842105,1.3157894736842106,0.02631578947368421
2009-2010,Manchester City,64,112,5,38,1.6842105263157894,2.9473684210526314,0.13157894736842105
2009-2010,Everton,54,83,4,38,1.4210526315789473,2.1842105263157894,0.10526315789473684
2009-2010,Aston Villa,41,72,5,38,1.0789473684210527,1.894736842105263,0.13157894736842105
2009-2010,Burnley,41,66,6,38,1.0789473684210527,1.736842105263158,0.15789473684210525
2009-2010,Hull City,31,50,6,38,0.8157894736842105,1.3157894736842106,0.15789473684210525
2009-2010,Manchester Utd,73,121,6,38,1.9210526315789473,3.1842105263157894,0.15789473684210525
2009-2010,Blackburn,27,47,3,38,0.7105263157894737,1.236842105263158,0.07894736842105263
2009-2010,Chelsea,91,150,11,38,2.3947368421052633,3.9473684210526314,0.2894736842105263
2009-2010,Liverpool,53,87,3,38,1.394736842105263,2.289473684210526,0.07894736842105263
2009-2010,Arsenal,68,119,3,38,1.7894736842105263,3.1315789473684212,0.07894736842105263
2009-2010,Fulham,37,62,4,38,0.9736842105263158,1.631578947368421,0.10526315789473684
2009-2010,Tottenham,61,105,2,38,1.605263157894737,2.763157894736842,0.05263157894736842
2009-2010,Bolton,36,58,4,38,0.9473684210526315,1.5263157894736843,0.10526315789473684
2009-2010,Portsmouth,30,55,3,38,0.7894736842105263,1.4473684210526316,0.07894736842105263
2009-2010,Stoke City,26,47,2,38,0.6842105263157895,1.236842105263158,0.05263157894736842
2009-2010,West Ham,41,71,7,38,1.0789473684210527,1.868421052631579,0.18421052631578946
2009-2010,Birmingham City,34,53,2,38,0.8947368421052632,1.394736842105263,0.05263157894736842
2009-2010,Sunderland,43,72,6,38,1.131578947368421,1.894736842105263,0.15789473684210525
2009-2010,Wigan Athletic,29,50,1,38,0.7631578947368421,1.3157894736842106,0.02631578947368421
2009-2010,Wolves,26,39,2,38,0.6842105263157895,1.0263157894736843,0.05263157894736842
2010-2011,Blackpool,49,81,7,38,1.2894736842105263,2.1315789473684212,0.18421052631578946
2010-2011,Manchester City,50,85,8,38,1.3157894736842106,2.236842105263158,0.21052631578947367
2010-2011,Aston Villa,41,71,4,38,1.0789473684210527,1.868421052631579,0.10526315789473684
2010-2011,Everton,43,67,0,38,1.131578947368421,1.763157894736842,0.0
2010-2011,Bolton,45,78,4,38,1.1842105263157894,2.0526315789473686,0.10526315789473684
2010-2011,Newcastle Utd,52,81,5,38,1.368421052631579,2.1315789473684212,0.13157894736842105
2010-2011,Manchester Utd,68,125,3,38,1.7894736842105263,3.289473684210526,0.07894736842105263
2010-2011,Blackburn,34,58,1,38,0.8947368421052632,1.5263157894736843,0.02631578947368421
2010-2011,Chelsea,59,93,6,38,1.5526315789473684,2.4473684210526314,0.15789473684210525
2010-2011,Arsenal,65,116,4,38,1.7105263157894737,3.0526315789473686,0.10526315789473684
2010-2011,Liverpool,52,81,7,38,1.368421052631579,2.1315789473684212,0.18421052631578946
2010-2011,West Ham,40,61,5,38,1.0526315789473684,1.605263157894737,0.13157894736842105
2010-2011,Fulham,41,75,2,38,1.0789473684210527,1.9736842105263157,0.05263157894736842
2010-2011,Tottenham,49,79,5,38,1.2894736842105263,2.0789473684210527,0.13157894736842105
2010-2011,West Brom,50,86,4,38,1.3157894736842106,2.263157894736842,0.10526315789473684
2010-2011,Birmingham City,29,51,2,38,0.7631578947368421,1.3421052631578947,0.05263157894736842
2010-2011,Sunderland,37,62,4,38,0.9736842105263158,1.631578947368421,0.10526315789473684
2010-2011,Wolves,42,73,3,38,1.105263157894737,1.9210526315789473,0.07894736842105263
2010-2011,Wigan Athletic,34,52,2,38,0.8947368421052632,1.368421052631579,0.05263157894736842
2010-2011,Stoke City,35,59,3,38,0.9210526315789473,1.5526315789473684,0.07894736842105263
2011-2012,Liverpool,37,58,1,38,0.9736842105263158,1.5263157894736843,0.02631578947368421
2011-2012,Tottenham,62,105,4,38,1.631578947368421,2.763157894736842,0.10526315789473684
2011-2012,Aston Villa,32,53,3,38,0.8421052631578947,1.394736842105263,0.07894736842105263
2011-2012,Manchester City,83,139,7,38,2.1842105263157894,3.6578947368421053,0.18421052631578946
2011-2012,Swansea City,42,66,5,38,1.105263157894737,1.736842105263158,0.13157894736842105
2011-2012,QPR,38,57,2,38,1.0,1.5,0.05263157894736842
2011-2012,Blackburn,40,64,4,38,1.0526315789473684,1.6842105263157894,0.10526315789473684
2011-2012,Bolton,35,60,5,38,0.9210526315789473,1.5789473684210527,0.13157894736842105
2011-2012,Newcastle Utd,51,84,2,38,1.3421052631578947,2.210526315789474,0.05263157894736842
2011-2012,Manchester Utd,85,147,9,38,2.236842105263158,3.8684210526315788,0.23684210526315788
2011-2012,West Brom,39,69,1,38,1.0263157894736843,1.8157894736842106,0.02631578947368421
2011-2012,Chelsea,52,90,4,38,1.368421052631579,2.3684210526315788,0.10526315789473684
2011-2012,Everton,43,72,2,38,1.131578947368421,1.894736842105263,0.05263157894736842
2011-2012,Fulham,43,74,3,38,1.131578947368421,1.9473684210526316,0.07894736842105263
2011-2012,Arsenal,64,114,2,38,1.6842105263157894,3.0,0.05263157894736842
2011-2012,Wigan Athletic,36,54,5,38,0.9473684210526315,1.4210526315789473,0.13157894736842105
2011-2012,Sunderland,40,66,1,38,1.0526315789473684,1.736842105263158,0.02631578947368421
2011-2012,Norwich City,48,79,2,38,1.263157894736842,2.0789473684210527,0.05263157894736842
2011-2012,Wolves,39,63,3,38,1.0263157894736843,1.6578947368421053,0.07894736842105263
2011-2012,Stoke City,29,55,4,38,0.7631578947368421,1.4473684210526316,0.10526315789473684
2012-2013,Stoke City,30,49,3,38,0.7894736842105263,1.2894736842105263,0.07894736842105263
2012-2013,Tottenham,53,93,0,38,1.394736842105263,2.4473684210526314,0.0
2012-2013,Aston Villa,43,71,3,38,1.131578947368421,1.868421052631579,0.07894736842105263
2012-2013,Manchester City,61,101,4,38,1.605263157894737,2.6578947368421053,0.10526315789473684
2012-2013,Swansea City,43,73,0,38,1.131578947368421,1.9210526315789473,0.0
2012-2013,Chelsea,60,105,9,38,1.5789473684210527,2.763157894736842,0.23684210526315788
2012-2013,Reading,37,62,4,38,0.9736842105263158,1.631578947368421,0.10526315789473684
2012-2013,Liverpool,59,96,5,38,1.5526315789473684,2.526315789473684,0.13157894736842105
2012-2013,Newcastle Utd,42,62,4,38,1.105263157894737,1.631578947368421,0.10526315789473684
2012-2013,Manchester Utd,71,126,4,38,1.868421052631579,3.3157894736842106,0.10526315789473684
2012-2013,Everton,48,82,0,38,1.263157894736842,2.1578947368421053,0.0
2012-2013,Fulham,45,76,6,38,1.1842105263157894,2.0,0.15789473684210525
2012-2013,Arsenal,63,114,5,38,1.6578947368421053,3.0,0.13157894736842105
2012-2013,Wigan Athletic,38,69,1,38,1.0,1.8157894736842106,0.02631578947368421
2012-2013,Norwich City,30,53,1,38,0.7894736842105263,1.394736842105263,0.02631578947368421
2012-2013,West Ham,42,71,4,38,1.105263157894737,1.868421052631579,0.10526315789473684
2012-2013,QPR,28,46,1,38,0.7368421052631579,1.2105263157894737,0.02631578947368421
2012-2013,West Brom,46,77,5,38,1.2105263157894737,2.026315789473684,0.13157894736842105
2012-2013,Sunderland,37,57,4,38,0.9736842105263158,1.5,0.10526315789473684
2012-2013,Southampton,43,65,3,38,1.131578947368421,1.7105263157894737,0.07894736842105263
2013-2014,Stoke City,41,67,4,38,1.0789473684210527,1.763157894736842,0.10526315789473684
2013-2014,Tottenham,48,80,5,38,1.263157894736842,2.1052631578947367,0.13157894736842105
2013-2014,Aston Villa,37,59,2,38,0.9736842105263158,1.5526315789473684,0.05263157894736842
2013-2014,Manchester City,92,149,6,38,2.4210526315789473,3.9210526315789473,0.15789473684210525
2013-2014,Chelsea,63,99,5,38,1.6578947368421053,2.6052631578947367,0.13157894736842105
2013-2014,Arsenal,62,109,3,38,1.631578947368421,2.8684210526315788,0.07894736842105263
2013-2014,Liverpool,85,138,10,38,2.236842105263158,3.6315789473684212,0.2631578947368421
2013-2014,Sunderland,39,61,6,38,1.0263157894736843,1.605263157894737,0.15789473684210525
2013-2014,Hull City,32,50,2,38,0.8421052631578947,1.3157894736842106,0.05263157894736842
2013-2014,West Brom,36,59,2,38,0.9473684210526315,1.5526315789473684,0.05263157894736842
2013-2014,Newcastle Utd,38,60,2,38,1.0,1.5789473684210527,0.05263157894736842
2013-2014,Manchester Utd,61,96,5,38,1.605263157894737,2.526315789473684,0.13157894736842105
2013-2014,Everton,53,92,0,38,1.394736842105263,2.4210526315789473,0.0
2013-2014,West Ham,35,59,2,38,0.9210526315789473,1.5526315789473684,0.05263157894736842
2013-2014,Fulham,36,63,2,38,0.9473684210526315,1.6578947368421053,0.05263157894736842
2013-2014,Crystal Palace,28,46,5,38,0.7368421052631579,1.2105263157894737,0.13157894736842105
2013-2014,Norwich City,27,45,1,38,0.7105263157894737,1.1842105263157894,0.02631578947368421
2013-2014,Cardiff City,24,46,1,38,0.631578947368421,1.2105263157894737,0.02631578947368421
2013-2014,Swansea City,43,78,4,38,1.131578947368421,2.0526315789473686,0.10526315789473684
2013-2014,Southampton,46,81,3,38,1.2105263157894737,2.1315789473684212,0.07894736842105263
2014-2015,Newcastle Utd,37,60,1,38,0.9736842105263158,1.5789473684210527,0.02631578947368421
2014-2015,Stoke City,45,73,3,38,1.1842105263157894,1.9210526315789473,0.07894736842105263
2014-2015,Tottenham,56,96,3,38,1.4736842105263157,2.526315789473684,0.07894736842105263
2014-2015,Aston Villa,29,51,1,38,0.7631578947368421,1.3421052631578947,0.02631578947368421
2014-2015,Manchester City,79,132,7,38,2.0789473684210527,3.473684210526316,0.18421052631578946
2014-2015,Chelsea,62,115,4,38,1.631578947368421,3.026315789473684,0.10526315789473684
2014-2015,Arsenal,65,110,6,38,1.7105263157894737,2.8947368421052633,0.15789473684210525
2014-2015,Leicester City,41,67,3,38,1.0789473684210527,1.763157894736842,0.07894736842105263
2014-2015,Liverpool,46,76,5,38,1.2105263157894737,2.0,0.13157894736842105
2014-2015,Sunderland,30,43,4,38,0.7894736842105263,1.131578947368421,0.10526315789473684
2014-2015,Hull City,28,49,1,38,0.7368421052631579,1.2894736842105263,0.02631578947368421
2014-2015,West Ham,42,74,1,38,1.105263157894737,1.9473684210526316,0.02631578947368421
2014-2015,Crystal Palace,42,65,5,38,1.105263157894737,1.7105263157894737,0.13157894736842105
2014-2015,Manchester Utd,56,97,3,38,1.4736842105263157,2.5526315789473686,0.07894736842105263
2014-2015,West Brom,32,58,4,38,0.8421052631578947,1.5263157894736843,0.10526315789473684
2014-2015,Burnley,25,45,1,38,0.6578947368421053,1.1842105263157894,0.02631578947368421
2014-2015,Everton,44,66,2,38,1.1578947368421053,1.736842105263158,0.05263157894736842
2014-2015,QPR,37,66,3,38,0.9736842105263158,1.736842105263158,0.07894736842105263
2014-2015,Swansea City,43,76,2,38,1.131578947368421,2.0,0.05263157894736842
2014-2015,Southampton,45,75,2,38,1.1842105263157894,1.9736842105263157,0.05263157894736842
2015-2016,Newcastle Utd,37,67,3,38,0.9736842105263158,1.763157894736842,0.07894736842105263
2015-2016,Watford,33,50,6,38,0.868421052631579,1.3157894736842106,0.15789473684210525
2015-2016,Chelsea,47,79,4,38,1.236842105263158,2.0789473684210527,0.10526315789473684
2015-2016,Stoke City,40,64,5,38,1.0526315789473684,1.6842105263157894,0.13157894736842105
2015-2016,Crystal Palace,29,44,4,38,0.7631578947368421,1.1578947368421053,0.10526315789473684
2015-2016,Bournemouth,33,52,1,38,0.868421052631579,1.368421052631579,0.02631578947368421
2015-2016,Aston Villa,21,36,2,38,0.5526315789473685,0.9473684210526315,0.05263157894736842
2015-2016,Manchester City,65,110,5,38,1.7105263157894737,2.8947368421052633,0.13157894736842105
2015-2016,Leicester City,62,101,10,38,1.631578947368421,2.6578947368421053,0.2631578947368421
2015-2016,Liverpool,57,102,2,38,1.5,2.6842105263157894,0.05263157894736842
2015-2016,Tottenham,61,100,5,38,1.605263157894737,2.6315789473684212,0.13157894736842105
2015-2016,West Brom,26,50,1,38,0.6842105263157895,1.3157894736842106,0.02631578947368421
2015-2016,West Ham,59,92,4,38,1.5526315789473684,2.4210526315789473,0.10526315789473684
2015-2016,Arsenal,56,101,1,38,1.4736842105263157,2.6578947368421053,0.02631578947368421
2015-2016,Southampton,52,95,3,38,1.368421052631579,2.5,0.07894736842105263
2015-2016,Swansea City,38,56,5,38,1.0,1.4736842105263157,0.13157894736842105
2015-2016,Norwich City,31,56,1,38,0.8157894736842105,1.4736842105263157,0.02631578947368421
2015-2016,Everton,49,86,3,38,1.2894736842105263,2.263157894736842,0.07894736842105263
2015-2016,Sunderland,37,58,3,38,0.9736842105263158,1.5263157894736843,0.07894736842105263
2015-2016,Manchester Utd,44,66,3,38,1.1578947368421053,1.736842105263158,0.07894736842105263
2016-2017,Crystal Palace,42,68,4,38,1.105263157894737,1.7894736842105263,0.10526315789473684
2016-2017,Sunderland,27,36,5,38,0.7105263157894737,0.9473684210526315,0.13157894736842105
2016-2017,Stoke City,34,57,4,38,0.8947368421052632,1.5,0.10526315789473684
2016-2017,Middlesbrough,23,41,2,38,0.6052631578947368,1.0789473684210527,0.05263157894736842
2016-2017,Bournemouth,44,73,7,38,1.1578947368421053,1.9210526315789473,0.18421052631578946
2016-2017,Manchester City,69,120,7,38,1.8157894736842106,3.1578947368421053,0.18421052631578946
2016-2017,Burnley,35,55,6,38,0.9210526315789473,1.4473684210526316,0.15789473684210525
2016-2017,Chelsea,74,124,2,38,1.9473684210526316,3.263157894736842,0.05263157894736842
2016-2017,Leicester City,41,68,4,38,1.0789473684210527,1.7894736842105263,0.10526315789473684
2016-2017,Liverpool,67,113,0,38,1.763157894736842,2.973684210526316,0.0
2016-2017,Tottenham,83,142,7,38,2.1842105263157894,3.736842105263158,0.18421052631578946
2016-2017,Watford,35,58,3,38,0.9210526315789473,1.5263157894736843,0.07894736842105263
2016-2017,West Ham,42,69,3,38,1.105263157894737,1.8157894736842106,0.07894736842105263
2016-2017,Southampton,35,56,3,38,0.9210526315789473,1.4736842105263157,0.07894736842105263
2016-2017,Swansea City,36,64,3,38,0.9473684210526315,1.6842105263157894,0.07894736842105263
2016-2017,Everton,53,92,3,38,1.394736842105263,2.4210526315789473,0.07894736842105263
2016-2017,Arsenal,68,119,4,38,1.7894736842105263,3.1315789473684212,0.10526315789473684
2016-2017,West Brom,31,60,1,38,0.8157894736842105,1.5789473684210527,0.02631578947368421
2016-2017,Hull City,29,48,3,38,0.7631578947368421,1.263157894736842,0.07894736842105263
2016-2017,Manchester Utd,50,81,3,38,1.3157894736842106,2.1315789473684212,0.07894736842105263
2017-2018,Newcastle Utd,33,56,0,38,0.868421052631579,1.4736842105263157,0.0
2017-2018,Swansea City,23,38,1,38,0.6052631578947368,1.0,0.02631578947368421
2017-2018,Stoke City,32,58,0,38,0.8421052631578947,1.5263157894736843,0.0
2017-2018,Bournemouth,41,72,3,38,1.0789473684210527,1.894736842105263,0.07894736842105263
2017-2018,Manchester City,94,168,6,38,2.473684210526316,4.421052631578948,0.15789473684210525
2017-2018,Leicester City,51,82,5,38,1.3421052631578947,2.1578947368421053,0.13157894736842105
2017-2018,Tottenham,66,101,2,38,1.736842105263158,2.6578947368421053,0.05263157894736842
2017-2018,Chelsea,56,90,3,38,1.4736842105263157,2.3684210526315788,0.07894736842105263
2017-2018,Watford,35,57,3,38,0.9210526315789473,1.5,0.07894736842105263
2017-2018,West Ham,45,66,2,38,1.1842105263157894,1.736842105263158,0.05263157894736842
2017-2018,Burnley,33,53,0,38,0.868421052631579,1.394736842105263,0.0
2017-2018,Arsenal,58,109,4,38,1.5263157894736843,2.8684210526315788,0.10526315789473684
2017-2018,Southampton,31,45,3,38,0.8157894736842105,1.1842105263157894,0.07894736842105263
2017-2018,Brighton,32,55,5,38,0.8421052631578947,1.4473684210526316,0.13157894736842105
2017-2018,Everton,39,57,3,38,1.0263157894736843,1.5,0.07894736842105263
2017-2018,West Brom,25,45,1,38,0.6578947368421053,1.1842105263157894,0.02631578947368421
2017-2018,Crystal Palace,34,56,8,38,0.8947368421052632,1.4736842105263157,0.21052631578947367
2017-2018,Huddersfield,25,38,2,38,0.6578947368421053,1.0,0.05263157894736842
2017-2018,Manchester Utd,57,105,1,38,1.5,2.763157894736842,0.02631578947368421
2017-2018,Liverpool,76,125,2,38,2.0,3.289473684210526,0.05263157894736842
2018-2019,Manchester City,85,142,3,38,2.236842105263158,3.736842105263158,0.07894736842105263
2018-2019,Leicester City,41,71,5,38,1.0789473684210527,1.868421052631579,0.13157894736842105
2018-2019,Tottenham,62,97,4,38,1.631578947368421,2.5526315789473686,0.10526315789473684
2018-2019,Newcastle Utd,33,58,1,38,0.868421052631579,1.5263157894736843,0.02631578947368421
2018-2019,West Ham,47,76,5,38,1.236842105263158,2.0,0.13157894736842105
2018-2019,Brighton,27,46,5,38,0.7105263157894737,1.2105263157894737,0.13157894736842105
2018-2019,Southampton,38,57,4,38,1.0,1.5,0.10526315789473684
2018-2019,Cardiff City,28,42,3,38,0.7368421052631579,1.105263157894737,0.07894736842105263
2018-2019,Arsenal,61,102,4,38,1.605263157894737,2.6842105263157894,0.10526315789473684
2018-2019,Crystal Palace,43,69,10,38,1.131578947368421,1.8157894736842106,0.2631578947368421
2018-2019,Fulham,33,54,2,38,0.868421052631579,1.4210526315789473,0.05263157894736842
2018-2019,Huddersfield,16,25,1,38,0.42105263157894735,0.6578947368421053,0.02631578947368421
2018-2019,Chelsea,54,95,5,38,1.4210526315789473,2.5,0.13157894736842105
2018-2019,Burnley,39,66,2,38,1.0263157894736843,1.736842105263158,0.05263157894736842
2018-2019,Everton,42,65,2,38,1.105263157894737,1.7105263157894737,0.05263157894736842
2018-2019,Wolves,41,76,4,38,1.0789473684210527,2.0,0.10526315789473684
2018-2019,Bournemouth,49,87,7,38,1.2894736842105263,2.289473684210526,0.18421052631578946
2018-2019,Watford,44,73,1,38,1.1578947368421053,1.9210526315789473,0.02631578947368421
2018-2019,Manchester Utd,60,92,9,38,1.5789473684210527,2.4210526315789473,0.23684210526315788
2018-2019,Liverpool,79,109,7,38,2.0789473684210527,2.8684210526315788,0.18421052631578946
2019-2020,Chelsea,60,96,7,38,1.5789473684210527,2.526315789473684,0.18421052631578946
2019-2020,Southampton,47,72,2,38,1.236842105263158,1.894736842105263,0.05263157894736842
2019-2020,Manchester City,96,158,6,38,2.526315789473684,4.157894736842105,0.15789473684210525
2019-2020,West Ham,40,71,4,38,1.0526315789473684,1.868421052631579,0.10526315789473684
2019-2020,Leicester City,57,98,5,38,1.5,2.5789473684210527,0.13157894736842105
2019-2020,Tottenham,52,83,3,38,1.368421052631579,2.1842105263157894,0.07894736842105263
2019-2020,Newcastle Utd,28,51,0,38,0.7368421052631579,1.3421052631578947,0.0
2019-2020,Brighton,28,47,1,38,0.7368421052631579,1.236842105263158,0.02631578947368421
2019-2020,Norwich City,24,40,2,38,0.631578947368421,1.0526315789473684,0.05263157894736842
2019-2020,Arsenal,51,79,3,38,1.3421052631578947,2.0789473684210527,0.07894736842105263
2019-2020,Crystal Palace,25,39,2,38,0.6578947368421053,1.0263157894736843,0.05263157894736842
2019-2020,Burnley,38,62,3,38,1.0,1.631578947368421,0.07894736842105263
2019-2020,Aston Villa,34,61,1,38,0.8947368421052632,1.605263157894737,0.02631578947368421
2019-2020,Sheffield Utd,30,46,1,38,0.7894736842105263,1.2105263157894737,0.02631578947368421
2019-2020,Everton,38,58,1,38,1.0,1.5263157894736843,0.02631578947368421
2019-2020,Bournemouth,34,48,4,38,0.8947368421052632,1.263157894736842,0.10526315789473684
2019-2020,Watford,32,50,7,38,0.8421052631578947,1.3157894736842106,0.18421052631578946
2019-2020,Wolves,47,79,4,38,1.236842105263158,2.0789473684210527,0.10526315789473684
2019-2020,Manchester Utd,62,100,10,38,1.631578947368421,2.6315789473684212,0.2631578947368421